    0.000100   1.637531e+00    1.637531e+00  
   0.000102   1.669581e+00    1.669360e+00  
   0.000104   1.702276e+00    1.701795e+00  
   0.000106   1.735616e+00    1.734833e+00  
   0.000108   1.769601e+00    1.768633e+00  
   0.000111   1.804231e+00    1.803035e+00  
   0.000113   1.839547e+00    1.838038e+00  
   0.000115   1.875548e+00    1.873799e+00  
   0.000117   1.912274e+00    1.910158e+00  
   0.000120   1.949726e+00    1.947273e+00  
   0.000122   1.987864e+00    1.985142e+00  
   0.000125   2.026807e+00    2.023763e+00  
   0.000127   2.066477e+00    2.062978e+00  
   0.000130   2.106912e+00    2.103101e+00  
   0.000132   2.148154e+00    2.143971e+00  
   0.000135   2.190202e+00    2.185745e+00  
   0.000138   2.233056e+00    2.228110e+00  
   0.000140   2.276757e+00    2.271375e+00  
   0.000143   2.321304e+00    2.315539e+00  
   0.000146   2.366739e+00    2.360600e+00  
   0.000149   2.413060e+00    2.406402e+00  
   0.000152   2.460268e+00    2.453254e+00  
   0.000155   2.508403e+00    2.500844e+00  
   0.000158   2.557506e+00    2.549480e+00  
   0.000162   2.607537e+00    2.599006e+00  
   0.000165   2.658534e+00    2.649420e+00  
   0.000168   2.710540e+00    2.700875e+00  
   0.000172   2.763553e+00    2.753370e+00  
   0.000175   2.817615e+00    2.806902e+00  
   0.000179   2.872725e+00    2.861315e+00  
   0.000182   2.928923e+00    2.916917e+00  
   0.000186   2.986210e+00    2.973550e+00  
   0.000190   3.044585e+00    3.031367e+00  
   0.000193   3.104130e+00    3.090212e+00  
   0.000197   3.164843e+00    3.150237e+00  
   0.000201   3.226726e+00    3.211439e+00  
   0.000205   3.289777e+00    3.273662e+00  
   0.000210   3.354079e+00    3.337212e+00  
   0.000214   3.419671e+00    3.402086e+00  
   0.000218   3.486512e+00    3.468128e+00  
   0.000223   3.554643e+00    3.535336e+00  
   0.000227   3.624105e+00    3.604013e+00  
   0.000232   3.694897e+00    3.674004e+00  
   0.000236   3.767100e+00    3.745305e+00  
   0.000241   3.840674e+00    3.817915e+00  
   0.000246   3.915699e+00    3.891983e+00  
   0.000251   3.992176e+00    3.967506e+00  
   0.000256   4.070144e+00    4.044480e+00  
   0.000261   4.149563e+00    4.122903e+00  
   0.000266   4.230595e+00    4.202923e+00  
   0.000272   4.313240e+00    4.284386e+00  
   0.000277   4.397497e+00    4.367440e+00  
   0.000283   4.483366e+00    4.452081e+00  
   0.000289   4.570849e+00    4.538456e+00  
   0.000294   4.659944e+00    4.626411e+00  
   0.000300   4.750651e+00    4.716094e+00  
   0.000306   4.843374e+00    4.807500e+00  
   0.000313   4.937710e+00    4.900624e+00  
   0.000319   5.034061e+00    4.995465e+00  
   0.000325   5.132429e+00    5.092316e+00  
   0.000332   5.232408e+00    5.190874e+00  
   0.000339   5.334404e+00    5.291435e+00  
   0.000346   5.438012e+00    5.393843e+00  
   0.000353   5.544039e+00    5.498243e+00  
   0.000360   5.652081e+00    5.604631e+00  
   0.000367   5.762140e+00    5.713150e+00  
   0.000374   5.874214e+00    5.823646e+00  
   0.000382   5.988707e+00    5.936263e+00  
   0.000390   6.105215e+00    6.051143e+00  
   0.000397   6.223740e+00    6.168132e+00  
   0.000406   6.344683e+00    6.287372e+00  
   0.000414   6.468045e+00    6.408858e+00  
   0.000422   6.593826e+00    6.532730e+00  
   0.000431   6.722026e+00    6.658982e+00  
   0.000439   6.852645e+00    6.787458e+00  
   0.000448   6.985682e+00    6.918596e+00  
   0.000457   7.121139e+00    7.052092e+00  
   0.000466   7.259417e+00    7.188232e+00  
   0.000476   7.400115e+00    7.326862e+00  
   0.000485   7.543634e+00    7.468268e+00  
   0.000495   7.689572e+00    7.612145e+00  
   0.000505   7.838735e+00    7.758927e+00  
   0.000516   7.990318e+00    7.908456e+00  
   0.000526   8.145125e+00    8.060723e+00  
   0.000537   8.302754e+00    8.216010e+00  
   0.000547   8.463206e+00    8.374014e+00  
   0.000558   8.626882e+00    8.535163e+00  
   0.000570   8.793381e+00    8.699298e+00  
   0.000581   8.963508e+00    8.866553e+00  
   0.000593   9.136457e+00    9.037061e+00  
   0.000605   9.312631e+00    9.210519e+00  
   0.000617   9.492030e+00    9.387493e+00  
   0.000630   9.675057e+00    9.567535e+00  
   0.000642   9.861310e+00    9.751064e+00  
   0.000655   1.005119e+01    9.938065e+00  
   0.000669   1.024470e+01    1.012852e+01  
   0.000682   1.044143e+01    1.032256e+01  
   0.000696   1.064220e+01    1.052017e+01  
   0.000710   1.084659e+01    1.072133e+01  
   0.000724   1.105462e+01    1.092630e+01  
   0.000739   1.126627e+01    1.113521e+01  
   0.000754   1.148235e+01    1.134776e+01  
   0.000769   1.170207e+01    1.156436e+01  
   0.000785   1.192581e+01    1.178497e+01  
   0.000800   1.215399e+01    1.200957e+01  
   0.000817   1.238620e+01    1.223830e+01  
   0.000833   1.262244e+01    1.247111e+01  
   0.000850   1.286312e+01    1.270828e+01  
   0.000867   1.310823e+01    1.294976e+01  
   0.000885   1.335738e+01    1.319568e+01  
   0.000902   1.361136e+01    1.344601e+01  
   0.000921   1.387018e+01    1.370085e+01  
   0.000939   1.413343e+01    1.396031e+01  
   0.000958   1.440112e+01    1.422451e+01  
   0.000978   1.467405e+01    1.449340e+01  
   0.000997   1.495141e+01    1.476710e+01  
   0.001018   1.523401e+01    1.504611e+01  
   0.001038   1.552145e+01    1.532888e+01  
   0.001059   1.581414e+01    1.561785e+01  
   0.001081   1.611206e+01    1.591161e+01  
   0.001102   1.641482e+01    1.621011e+01  
   0.001125   1.672323e+01    1.651467e+01  
   0.001147   1.703687e+01    1.682388e+01  
   0.001171   1.735616e+01    1.713906e+01  
   0.001194   1.768069e+01    1.745879e+01  
   0.001218   1.801087e+01    1.778439e+01  
   0.001243   1.834709e+01    1.811713e+01  
   0.001268   1.868855e+01    1.845427e+01  
   0.001294   1.903607e+01    1.879709e+01  
   0.001320   1.938962e+01    1.914554e+01  
   0.001346   1.974882e+01    1.950088e+01  
   0.001374   2.011448e+01    1.986170e+01  
   0.001401   2.048617e+01    2.022795e+01  
   0.001430   2.086392e+01    2.060088e+01  
   0.001458   2.124771e+01    2.098040e+01  
   0.001488   2.163796e+01    2.136643e+01  
   0.001518   2.203465e+01    2.175758e+01  
   0.001549   2.243820e+01    2.215638e+01  
   0.001580   2.284779e+01    2.256144e+01  
   0.001612   2.326424e+01    2.297266e+01  
   0.001644   2.368714e+01    2.339123e+01  
   0.001678   2.411689e+01    2.381577e+01  
   0.001712   2.455390e+01    2.424746e+01  
   0.001746   2.499736e+01    2.468619e+01  
   0.001781   2.544767e+01    2.513057e+01  
   0.001817   2.590524e+01    2.558303e+01  
   0.001854   2.636966e+01    2.604217e+01  
   0.001892   2.684094e+01    2.650912e+01  
   0.001930   2.731987e+01    2.698250e+01  
   0.001969   2.780566e+01    2.746341e+01  
   0.002009   2.829911e+01    2.795172e+01  
   0.002049   2.879941e+01    2.844606e+01  
   0.002090   2.930737e+01    2.894872e+01  
   0.002133   2.982299e+01    2.945952e+01  
   0.002176   3.034547e+01    2.997590e+01  
   0.002220   3.087560e+01    3.050129e+01  
   0.002265   3.141340e+01    3.103313e+01  
   0.002310   3.195885e+01    3.157361e+01  
   0.002357   3.251156e+01    3.212135e+01  
   0.002405   3.307193e+01    3.267616e+01  
   0.002453   3.364037e+01    3.323901e+01  
   0.002503   3.421606e+01    3.380853e+01  
   0.002553   3.479941e+01    3.438681e+01  
   0.002605   3.539001e+01    3.497247e+01  
   0.002658   3.598868e+01    3.556529e+01  
   0.002711   3.659501e+01    3.616616e+01  
   0.002766   3.720900e+01    3.677371e+01  
   0.002822   3.783065e+01    3.738992e+01  
   0.002879   3.845995e+01    3.801340e+01  
   0.002937   3.909692e+01    3.864497e+01  
   0.002996   3.974115e+01    3.928328e+01  
   0.003057   4.039505e+01    3.992912e+01  
   0.003119   4.105217e+01    4.058324e+01  
   0.003182   4.172139e+01    4.124427e+01  
   0.003246   4.239464e+01    4.191295e+01  
   0.003312   4.307596e+01    4.258791e+01  
   0.003378   4.376533e+01    4.327089e+01  
   0.003447   4.446277e+01    4.396152e+01  
   0.003516   4.516424e+01    4.465842e+01  
   0.003587   4.587378e+01    4.536324e+01  
   0.003660   4.659137e+01    4.607360e+01  
   0.003734   4.731703e+01    4.679208e+01  
   0.003809   4.804672e+01    4.751630e+01  
   0.003886   4.878448e+01    4.824684e+01  
   0.003965   4.953029e+01    4.898422e+01  
   0.004045   5.028014e+01    4.972799e+01  
   0.004126   5.103805e+01    5.047770e+01  
   0.004210   5.180000e+01    5.123381e+01  
   0.004295   5.257000e+01    5.199493e+01  
   0.004382   5.334404e+01    5.276237e+01  
   0.004470   5.412211e+01    5.353475e+01  
   0.004560   5.490824e+01    5.431244e+01  
   0.004653   5.569840e+01    5.509490e+01  
   0.004746   5.649663e+01    5.588246e+01  
   0.004842   5.729485e+01    5.667455e+01  
   0.004940   5.810114e+01    5.747062e+01  
   0.005040   5.890743e+01    5.827091e+01  
   0.005142   5.972178e+01    5.907561e+01  
   0.005246   6.053613e+01    5.988254e+01  
   0.005352   6.135854e+01    6.069344e+01  
   0.005460   6.218096e+01    6.150690e+01  
   0.005570   6.300740e+01    6.232304e+01  
   0.005683   6.383385e+01    6.314118e+01  
   0.005797   6.466836e+01    6.396140e+01  
   0.005914   6.549883e+01    6.478299e+01  
   0.006034   6.633334e+01    6.560597e+01  
   0.006156   6.716382e+01    6.642960e+01  
   0.006280   6.799833e+01    6.725384e+01  
   0.006407   6.883284e+01    6.807793e+01  
   0.006537   6.966735e+01    6.890113e+01  
   0.006669   7.049782e+01    6.972331e+01  
   0.006803   7.133233e+01    7.054432e+01  
   0.006941   7.215878e+01    7.136392e+01  
   0.007081   7.298522e+01    7.218072e+01  
   0.007224   7.381167e+01    7.299447e+01  
   0.007370   7.463005e+01    7.380546e+01  
   0.007519   7.544843e+01    7.461225e+01  
   0.007671   7.625875e+01    7.541451e+01  
   0.007826   7.706504e+01    7.621137e+01  
   0.007984   7.786327e+01    7.700294e+01  
   0.008145   7.865746e+01    7.778828e+01  
   0.008310   7.944359e+01    7.856644e+01  
   0.008478   8.022166e+01    7.933742e+01  
   0.008649   8.099167e+01    8.010021e+01  
   0.008823   8.175361e+01    8.085383e+01  
   0.009002   8.250346e+01    8.159770e+01  
   0.009184   8.324121e+01    8.233162e+01  
   0.009369   8.397090e+01    8.305411e+01  
   0.009558   8.468850e+01    8.376453e+01  
   0.009751   8.538997e+01    8.446251e+01  
   0.009948   8.607935e+01    8.514694e+01  
   0.010149   8.675260e+01    8.581570e+01  
   0.010354   8.740972e+01    8.647031e+01  
   0.010564   8.805072e+01    8.711126e+01  
   0.010777   8.867559e+01    8.773131e+01  
   0.010995   8.928031e+01    8.833518e+01  
   0.011217   8.986487e+01    8.891878e+01  
   0.011443   9.042927e+01    8.948103e+01  
   0.011675   9.097352e+01    9.002541e+01  
   0.011910   9.149357e+01    9.054362e+01  
   0.012151   9.198944e+01    9.104103e+01  
   0.012397   9.246515e+01    9.151393e+01  
   0.012647   9.291264e+01    9.195919e+01  
   0.012902   9.333191e+01    9.237742e+01  
   0.013163   9.372699e+01    9.276870e+01  
   0.013429   9.409385e+01    9.312999e+01  
   0.013700   9.442846e+01    9.346002e+01  
   0.013977   9.473485e+01    9.375857e+01  
   0.014259   9.500496e+01    9.402317e+01  
   0.014547   9.524684e+01    9.425343e+01  
   0.014841   9.545245e+01    9.444790e+01  
   0.015141   9.562580e+01    9.460519e+01  
   0.015447   9.576287e+01    9.472404e+01  
   0.015759   9.586365e+01    9.480327e+01  
   0.016077   9.592413e+01    9.484184e+01  
   0.016402   9.594831e+01    9.483876e+01  
   0.016734   9.593219e+01    9.479287e+01  
   0.017072   9.587575e+01    9.470354e+01  
   0.017416   9.577899e+01    9.457034e+01  
   0.017768   9.563789e+01    9.439194e+01  
   0.018127   9.545648e+01    9.416828e+01  
   0.018493   9.523072e+01    9.389925e+01  
   0.018867   9.496061e+01    9.358405e+01  
   0.019248   9.464616e+01    9.322375e+01  
   0.019637   9.428736e+01    9.281789e+01  
   0.020034   9.388422e+01    9.236706e+01  
   0.020438   9.343673e+01    9.187343e+01  
   0.020851   9.294086e+01    9.133570e+01  
   0.021272   9.240065e+01    9.075649e+01  
   0.021702   9.181609e+01    9.013598e+01  
   0.022141   9.118315e+01    8.947590e+01  
   0.022588   9.050990e+01    8.877979e+01  
   0.023044   8.978827e+01    8.804830e+01  
   0.023510   8.902230e+01    8.728210e+01  
   0.023985   8.821601e+01    8.648525e+01  
   0.024469   8.736538e+01    8.566030e+01  
   0.024964   8.647443e+01    8.480645e+01  
   0.025468   8.554720e+01    8.392975e+01  
   0.025982   8.457562e+01    8.303115e+01  
   0.026507   8.357179e+01    8.211151e+01  
   0.027043   8.253168e+01    8.117342e+01  
   0.027589   8.145528e+01    8.022117e+01  
   0.028146   8.035067e+01    7.925542e+01  
   0.028715   7.921783e+01    7.827681e+01  
   0.029295   7.805678e+01    7.728928e+01  
   0.029887   7.687556e+01    7.629322e+01  
   0.030490   7.567016e+01    7.529226e+01  
   0.031106   7.444460e+01    7.428491e+01  
   0.031735   7.321098e+01    7.327293e+01  
   0.032376   7.196124e+01    7.225948e+01  
   0.033030   7.070343e+01    7.124441e+01  
   0.033697   6.943755e+01    7.022901e+01  
   0.034378   6.817168e+01    6.921300e+01  
   0.035072   6.690984e+01    6.819895e+01  
   0.035781   6.564800e+01    6.718497e+01  
   0.036504   6.439825e+01    6.617342e+01  
   0.037241   6.315657e+01    6.516512e+01  
   0.037993   6.193504e+01    6.415945e+01  
   0.038761   6.072964e+01    6.315584e+01  
   0.039544   5.954843e+01    6.215629e+01  
   0.040343   5.839140e+01    6.116014e+01  
   0.041158   5.725857e+01    6.016801e+01  
   0.041989   5.615798e+01    5.918044e+01  
   0.042838   5.508159e+01    5.819565e+01  
   0.043703   5.403745e+01    5.721651e+01  
   0.044586   5.302959e+01    5.624127e+01  
   0.045486   5.205801e+01    5.527155e+01  
   0.046405   5.112271e+01    5.430574e+01  
   0.047343   5.023580e+01    5.334440e+01  
   0.048299   4.939322e+01    5.238908e+01  
   0.049275   4.859097e+01    5.143830e+01  
   0.050270   4.782903e+01    5.049359e+01  
   0.051286   4.710337e+01    4.955359e+01  
   0.052322   4.640996e+01    4.861980e+01  
   0.053379   4.574074e+01    4.769186e+01  
   0.054457   4.509974e+01    4.677033e+01  
   0.055557   4.447890e+01    4.585491e+01  
   0.056680   4.387418e+01    4.494537e+01  
   0.057825   4.328559e+01    4.404311e+01  
   0.058993   4.270909e+01    4.314790e+01  
   0.060184   4.213663e+01    4.226028e+01  
   0.061400   4.156820e+01    4.137936e+01  
   0.062641   4.099976e+01    4.050576e+01  
   0.063906   4.041924e+01    3.964074e+01  
   0.065197   3.982500e+01    3.878349e+01  
   0.066514   3.921061e+01    3.793459e+01  
   0.067858   3.856880e+01    3.709398e+01  
   0.069229   3.789233e+01    3.626221e+01  
   0.070627   3.717675e+01    3.543982e+01  
   0.072054   3.641884e+01    3.462617e+01  
   0.073510   3.561618e+01    3.382183e+01  
   0.074994   3.476836e+01    3.302783e+01  
   0.076509   3.387741e+01    3.224308e+01  
   0.078055   3.294696e+01    3.146811e+01  
   0.079632   3.198223e+01    3.070342e+01  
   0.081241   3.099131e+01    2.994900e+01  
   0.082882   2.998224e+01    2.920530e+01  
   0.084556   2.896389e+01    2.847230e+01  
   0.086264   2.794555e+01    2.775000e+01  
   0.088007   2.693608e+01    2.703841e+01  
   0.089785   2.594555e+01    2.633796e+01  
   0.091598   2.498164e+01    2.564899e+01  
   0.093449   2.405319e+01    2.497076e+01  
   0.095337   2.316910e+01    2.430401e+01  
   0.097263   2.233661e+01    2.364872e+01  
   0.099227   2.156217e+01    2.300520e+01  
   0.101230   2.085183e+01    2.237341e+01  
   0.103280   2.020962e+01    2.175121e+01  
   0.105360   1.963473e+01    2.114398e+01  
   0.107490   1.912718e+01    2.054607e+01  
   0.109660   1.868170e+01    1.996063e+01  
   0.111880   1.828904e+01    1.938524e+01  
   0.114140   1.794032e+01    1.882272e+01  
   0.116440   1.762184e+01    1.827314e+01  
   0.118800   1.732069e+01    1.773201e+01  
   0.121200   1.702317e+01    1.720418e+01  
   0.123650   1.671597e+01    1.668752e+01  
   0.126140   1.638741e+01    1.618419e+01  
   0.128690   1.602821e+01    1.569028e+01  
   0.131290   1.563111e+01    1.520795e+01  
   0.133940   1.519410e+01    1.473727e+01  
   0.136650   1.471597e+01    1.427659e+01  
   0.139410   1.420237e+01    1.382773e+01  
   0.142230   1.365973e+01    1.338912e+01  
   0.145100   1.309856e+01    1.296236e+01  
   0.148030   1.252972e+01    1.254596e+01  
   0.151020   1.196814e+01    1.213999e+01  
   0.154070   1.142752e+01    1.174448e+01  
   0.157180   1.092239e+01    1.135945e+01  
   0.160360   1.046441e+01    1.098372e+01  
   0.163600   1.006208e+01    1.061849e+01  
   0.166900   9.716178e+00    1.026369e+01  
   0.170280   9.423092e+00    9.917220e+00  
   0.173710   9.173949e+00    9.582101e+00  
   0.177220   8.956654e+00    9.255324e+00  
   0.180800   8.759517e+00    8.937857e+00  
   0.184460   8.569636e+00    8.628819e+00  
   0.188180   8.373305e+00    8.329820e+00  
   0.191980   8.158429e+00    8.039150e+00  
   0.195860   7.916542e+00    7.756802e+00  
   0.199820   7.644017e+00    7.482747e+00  
   0.203860   7.345287e+00    7.216930e+00  
   0.207970   7.030028e+00    6.959887e+00  
   0.212180   6.710738e+00    6.709698e+00  
   0.216460   6.400720e+00    6.468084e+00  
   0.220830   6.111263e+00    6.233790e+00  
   0.225300   5.850428e+00    6.006266e+00  
   0.229850   5.623458e+00    5.786456e+00  
   0.234490   5.429949e+00    5.573747e+00  
   0.239230   5.264257e+00    5.367613e+00  
   0.244060   5.117512e+00    5.168406e+00  
   0.248990   4.977621e+00    4.975615e+00  
   0.254020   4.834102e+00    4.789161e+00  
   0.259150   4.678488e+00    4.608951e+00  
   0.264390   4.507555e+00    4.434558e+00  
   0.269730   4.324528e+00    4.266226e+00  
   0.275180   4.136259e+00    4.103537e+00  
   0.280740   3.950894e+00    3.946408e+00  
   0.286410   3.776493e+00    3.794740e+00  
   0.292190   3.619308e+00    3.648429e+00  
   0.298100   3.481634e+00    3.506895e+00  
   0.304120   3.360570e+00    3.370536e+00  
   0.310260   3.249705e+00    3.239014e+00  
   0.316530   3.142307e+00    3.112034e+00  
   0.322920   3.032813e+00    2.989709e+00  
   0.329450   2.917917e+00    2.871576e+00  
   0.336100   2.798103e+00    2.757908e+00  
   0.342890   2.677684e+00    2.648269e+00  
   0.349820   2.562143e+00    2.542587e+00  
   0.356890   2.455188e+00    2.440782e+00  
   0.364090   2.357950e+00    2.342900e+00  
   0.371450   2.269339e+00    2.248454e+00  
   0.378950   2.186211e+00    2.157630e+00  
   0.386610   2.104534e+00    2.070105e+00  
   0.394420   2.022010e+00    1.985922e+00  
   0.402390   1.938841e+00    1.904896e+00  
   0.410520   1.856801e+00    1.826953e+00  
   0.418810   1.778350e+00    1.752017e+00  
   0.427270   1.705139e+00    1.679925e+00  
   0.435900   1.637088e+00    1.610611e+00  
   0.444710   1.572706e+00    1.543929e+00  
   0.453690   1.510339e+00    1.479888e+00  
   0.462860   1.448820e+00    1.418281e+00  
   0.472210   1.388187e+00    1.359114e+00  
   0.481740   1.329650e+00    1.302319e+00  
   0.491480   1.273936e+00    1.247660e+00  
   0.501410   1.221366e+00    1.195198e+00  
   0.511530   1.171376e+00    1.144868e+00  
   0.521870   1.123119e+00    1.096467e+00  
   0.532410   1.076193e+00    1.050038e+00  
   0.543170   1.030678e+00    1.005441e+00  
   0.554140   9.869776e-01    9.626660e-01  
   0.565330   9.453731e-01    9.216214e-01  
   0.576750   9.056634e-01    8.822238e-01  
   0.588400   8.675260e-01    8.444278e-01  
   0.600290   8.306786e-01    8.081572e-01  
   0.612420   7.952019e-01    7.733694e-01  
   0.624790   7.611765e-01    7.400209e-01  
   0.637410   7.286025e-01    7.080423e-01  
   0.650290   6.974797e-01    6.773699e-01  
   0.663420   6.675261e-01    6.479879e-01  
   0.676830   6.387416e-01    6.197929e-01  
   0.690500   6.111263e-01    5.927917e-01  
   0.704450   5.846800e-01    5.669086e-01  
   0.718680   5.593626e-01    5.421103e-01  
   0.733200   5.350530e-01    5.183469e-01  
   0.748010   5.117512e-01    4.955869e-01  
   0.763120   4.893767e-01    4.737842e-01  
   0.778540   4.679698e-01    4.528956e-01  
   0.794260   4.474900e-01    4.329056e-01  
   0.810310   4.278166e-01    4.137487e-01  
   0.826680   4.089898e-01    3.954114e-01  
   0.843380   3.909289e-01    3.778565e-01  
   0.860410   3.736421e-01    3.610586e-01  
   0.877800   3.570930e-01    3.449653e-01  
   0.895530   3.412414e-01    3.295727e-01  
   0.913620   3.260630e-01    3.148405e-01  
   0.932080   3.115377e-01    3.007399e-01  
   0.950910   2.976333e-01    2.872506e-01  
   0.970110   2.843174e-01    2.743520e-01  
   0.989710   2.715781e-01    2.620052e-01  
   1.009700   2.593910e-01    2.501985e-01  
   1.030100   2.477240e-01    2.389026e-01  
   1.050900   2.365610e-01    2.281059e-01  
   1.072100   2.258817e-01    2.177905e-01  
   1.093800   2.156660e-01    2.078944e-01  
   1.115900   2.058978e-01    1.984499e-01  
   1.138400   1.965570e-01    1.894388e-01  
   1.161400   1.876193e-01    1.808072e-01  
   1.184900   1.790807e-01    1.725447e-01  
   1.208800   1.709130e-01    1.646722e-01  
   1.233300   1.631081e-01    1.571127e-01  
   1.258200   1.556419e-01    1.499169e-01  
   1.283600   1.485103e-01    1.430415e-01  
   1.309500   1.416931e-01    1.364753e-01  
   1.336000   1.351783e-01    1.301839e-01  
   1.363000   1.289537e-01    1.241820e-01  
   1.390500   1.230074e-01    1.184581e-01  
   1.418600   1.173271e-01    1.129820e-01  
   1.447200   1.118967e-01    1.077639e-01  
   1.476500   1.067123e-01    1.027598e-01  
   1.506300   1.017617e-01    9.799604e-02  
   1.536700   9.703277e-02    9.344733e-02  
   1.567800   9.251756e-02    8.909234e-02  
   1.599400   8.820795e-02    8.495129e-02  
   1.631800   8.409184e-02    8.097828e-02  
   1.664700   8.016119e-02    7.720354e-02  
   1.698400   7.641195e-02    7.358599e-02  
   1.732700   7.282800e-02    7.014157e-02  
   1.767700   6.941336e-02    6.685359e-02  
   1.803400   6.615193e-02    6.371643e-02  
   1.839800   6.303562e-02    6.072446e-02  
   1.877000   6.006848e-02    5.786463e-02  
   1.914900   5.723438e-02    5.513979e-02  
   1.953600   5.452928e-02    5.253787e-02  
   1.993000   5.194916e-02    5.006074e-02  
   2.033300   4.948998e-02    4.769161e-02  
   2.074400   4.714368e-02    4.543272e-02  
   2.116300   4.490623e-02    4.327982e-02  
   2.159000   4.276957e-02    4.122870e-02  
   2.202600   4.073369e-02    3.927086e-02  
   2.247100   3.879456e-02    3.740305e-02  
   2.292500   3.694333e-02    3.562202e-02  
   2.338800   3.517876e-02    3.392449e-02  
   2.386100   3.349644e-02    3.230388e-02  
   2.434300   3.189274e-02    3.076072e-02  
   2.483500   3.036401e-02    2.928888e-02  
   2.533600   2.890705e-02    2.788847e-02  
   2.584800   2.751822e-02    2.655132e-02  
   2.637000   2.619510e-02    2.527771e-02  
   2.690300   2.493366e-02    2.406287e-02  
   2.744700   2.373189e-02    2.290472e-02  
   2.800100   2.258656e-02    2.180306e-02  
   2.856700   2.149565e-02    2.075181e-02  
   2.914400   2.045634e-02    1.975094e-02  
   2.973300   1.946582e-02    1.879680e-02  
   3.033300   1.852246e-02    1.788915e-02  
   3.094600   1.762425e-02    1.702322e-02  
   3.157100   1.676838e-02    1.619886e-02  
   3.220900   1.595322e-02    1.541317e-02  
   3.286000   1.517717e-02    1.466473e-02  
   3.352300   1.443780e-02    1.395312e-02  
   3.420100   1.373391e-02    1.327380e-02  
   3.489200   1.306389e-02    1.262756e-02  
   3.559600   1.242571e-02    1.201299e-02  
   3.631600   1.181817e-02    1.142636e-02  
   3.704900   1.123966e-02    1.086898e-02  
   3.779800   1.068896e-02    1.033746e-02  
   3.856100   1.016488e-02    9.832182e-03  
   3.934000   9.666188e-03    9.350792e-03  
   4.013500   9.191284e-03    8.892396e-03  
   4.094600   8.739360e-03    8.456102e-03  
   4.177300   8.309205e-03    8.041019e-03  
   4.261700   7.900013e-03    7.645816e-03  
   4.347800   7.510576e-03    7.269717e-03  
   4.435600   7.139683e-03    6.911951e-03  
   4.525200   6.787335e-03    6.571389e-03  
   4.616600   6.451516e-03    6.247352e-03  
   4.709900   6.132629e-03    5.938850e-03  
   4.805000   5.829062e-03    5.645580e-03  
   4.902100   5.540007e-03    5.366328e-03  
   5.001100   5.265063e-03    5.100820e-03  
   5.102100   5.003826e-03    4.848231e-03  
   5.205200   4.755086e-03    4.607810e-03  
   5.310400   4.518843e-03    4.379084e-03  
   5.417600   4.293889e-03    4.161775e-03  
   5.527100   4.080222e-03    3.954831e-03  
   5.638700   3.876796e-03    3.758207e-03  
   5.752600   3.683407e-03    3.571131e-03  
   5.868900   3.499533e-03    3.393076e-03  
   5.987400   3.324730e-03    3.223970e-03  
   6.108400   3.158514e-03    3.063025e-03  
   6.231800   3.000481e-03    2.910047e-03  
   6.357700   2.850229e-03    2.764587e-03  
   6.486100   2.707395e-03    2.626334e-03  
   6.617100   2.571657e-03    2.494887e-03  
   6.750800   2.442610e-03    2.369872e-03  
   6.887200   2.319934e-03    2.251032e-03  
   7.026300   2.203344e-03    2.138110e-03  
   7.168200   2.092520e-03    2.030777e-03  
   7.313000   1.987219e-03    1.928733e-03  
   7.460800   1.887158e-03    1.831697e-03  
   7.611500   1.792016e-03    1.739526e-03  
   7.765300   1.701672e-03    1.651898e-03  
   7.922100   1.615762e-03    1.568679e-03  
   8.082200   1.534165e-03    1.489532e-03  
   8.245400   1.456641e-03    1.414383e-03  
   8.412000   1.382986e-03    1.342933e-03  
   8.581900   1.313000e-03    1.275069e-03  
   8.755300   1.246481e-03    1.210565e-03  
   8.932200   1.183349e-03    1.149282e-03  
   9.112600   1.123321e-03    1.091085e-03  
   9.296700   1.066316e-03    1.035781e-03  
   9.484500   1.012174e-03    9.832489e-04  
   9.676100   9.607732e-04    9.333461e-04 