1.0000000e-08 6.0384101e-02
1.0512711e-08 6.3374377e-02
1.1051709e-08 6.6512734e-02
1.1618342e-08 6.9806505e-02
1.2214028e-08 7.3263387e-02
1.2840254e-08 7.6891456e-02
1.3498588e-08 8.0699191e-02
1.4190675e-08 8.4695488e-02
1.4918247e-08 8.8889686e-02
1.5683122e-08 9.3291584e-02
1.6487213e-08 9.7911468e-02
1.7332530e-08 1.0276013e-01
1.8221188e-08 1.0784891e-01
1.9155408e-08 1.1318968e-01
2.0137527e-08 1.1879494e-01
2.1170000e-08 1.2467777e-01
2.2255409e-08 1.3085193e-01
2.3396469e-08 1.3733184e-01
2.4596031e-08 1.4413263e-01
2.5857097e-08 1.5127021e-01
2.7182818e-08 1.5876125e-01
2.8576511e-08 1.6662325e-01
3.0041660e-08 1.7487459e-01
3.1581929e-08 1.8353454e-01
3.3201169e-08 1.9262334e-01
3.4903430e-08 2.0216222e-01
3.6692967e-08 2.1217347e-01
3.8574255e-08 2.2268050e-01
4.0552000e-08 2.3370784e-01
4.2631145e-08 2.4528126e-01
4.4816891e-08 2.5742782e-01
4.7114702e-08 2.7017587e-01
4.9530324e-08 2.8355523e-01
5.2069798e-08 2.9759714e-01
5.4739474e-08 3.1233442e-01
5.7546027e-08 3.2780151e-01
6.0496475e-08 3.4403454e-01
6.3598195e-08 3.6107144e-01
6.6858944e-08 3.7895203e-01
7.0286876e-08 3.9771808e-01
7.3890561e-08 4.1741344e-01
7.7679011e-08 4.3808413e-01
8.1661699e-08 4.5977845e-01
8.5848584e-08 4.8254710e-01
9.0250135e-08 5.0644327e-01
9.4877358e-08 5.3152280e-01
9.9741825e-08 5.5784430e-01
1.0485570e-07 5.8546925e-01
1.1023176e-07 6.1446222e-01
1.1588347e-07 6.4489095e-01
1.2182494e-07 6.7682654e-01
1.2807104e-07 7.1034360e-01
1.3463738e-07 7.4552047e-01
1.4154039e-07 7.8243932e-01
1.4879732e-07 8.2118642e-01
1.5642632e-07 8.6185232e-01
1.6444647e-07 9.0453203e-01
1.7287782e-07 9.4932528e-01
1.8174145e-07 9.9633673e-01
1.9105954e-07 1.0456762e+00
2.0085537e-07 1.0974591e+00
2.1115344e-07 1.1518062e+00
2.2197951e-07 1.2088447e+00
2.3336065e-07 1.2687078e+00
2.4532530e-07 1.3315354e+00
2.5790340e-07 1.3974742e+00
2.7112639e-07 1.4666784e+00
2.8502734e-07 1.5393097e+00
2.9964100e-07 1.6155377e+00
3.1500392e-07 1.6955406e+00
3.3115452e-07 1.7795053e+00
3.4813317e-07 1.8676280e+00
3.6598234e-07 1.9601147e+00
3.8474666e-07 2.0571813e+00
4.0447304e-07 2.1590548e+00
4.2521082e-07 2.2659732e+00
4.4701184e-07 2.3781862e+00
4.6993063e-07 2.4959562e+00
4.9402449e-07 2.6195582e+00
5.1935367e-07 2.7492811e+00
5.4598150e-07 2.8854280e+00
5.7397457e-07 3.0283170e+00
6.0340288e-07 3.1782820e+00
6.3434000e-07 3.3356734e+00
6.6686331e-07 3.5008590e+00
7.0105412e-07 3.6742248e+00
7.3699794e-07 3.8561757e+00
7.7478463e-07 4.0471370e+00
8.1450869e-07 4.2475549e+00
8.5626944e-07 4.4578977e+00
9.0017131e-07 4.6786569e+00
9.4632408e-07 4.9103482e+00
9.9484316e-07 5.1535131e+00
1.0458499e-06 5.4087198e+00
1.0994717e-06 5.6765645e+00
1.1558428e-06 5.9576732e+00
1.2151042e-06 6.2527025e+00
1.2774039e-06 6.5623421e+00
1.3428978e-06 6.8873152e+00
1.4117496e-06 7.2283813e+00
1.4841316e-06 7.5863373e+00
1.5602246e-06 7.9620197e+00
1.6402191e-06 8.3563061e+00
1.7243149e-06 8.7701180e+00
1.8127224e-06 9.2044222e+00
1.9056627e-06 9.6602336e+00
2.0033681e-06 1.0138617e+01
2.1060830e-06 1.0640691e+01
2.2140642e-06 1.1167627e+01
2.3275817e-06 1.1720658e+01
2.4469193e-06 1.2301076e+01
2.5723756e-06 1.2910237e+01
2.7042641e-06 1.3549563e+01
2.8429147e-06 1.4220550e+01
2.9886740e-06 1.4924764e+01
3.1419066e-06 1.5663852e+01
3.3029956e-06 1.6439541e+01
3.4723438e-06 1.7253642e+01
3.6503747e-06 1.8108058e+01
3.8375334e-06 1.9004785e+01
4.0342879e-06 1.9945919e+01
4.2411303e-06 2.0933659e+01
4.4585777e-06 2.1970313e+01
4.6871739e-06 2.3058303e+01
4.9274904e-06 2.4200171e+01
5.1801282e-06 2.5398586e+01
5.4457191e-06 2.6656347e+01
5.7249271e-06 2.7976393e+01
6.0184504e-06 2.9361810e+01
6.3270229e-06 3.0815833e+01
6.6514163e-06 3.2341862e+01
6.9924417e-06 3.3943460e+01
7.3509519e-06 3.5624371e+01
7.7278433e-06 3.7388522e+01
8.1240583e-06 3.9240036e+01
8.5405876e-06 4.1183238e+01
8.9784729e-06 4.3222669e+01
9.4388091e-06 4.5363095e+01
9.9227472e-06 4.7609517e+01
1.0431497e-05 4.9967184e+01
1.0966332e-05 5.2441604e+01
1.1528587e-05 5.5038560e+01
1.2119671e-05 5.7764120e+01
1.2741060e-05 6.0624651e+01
1.3394308e-05 6.3626839e+01
1.4081048e-05 6.6777698e+01
1.4802999e-05 7.0084590e+01
1.5561965e-05 7.3555243e+01
1.6359844e-05 7.7197766e+01
1.7198631e-05 8.1020669e+01
1.8080424e-05 8.5032886e+01
1.9007427e-05 8.9243792e+01
1.9981959e-05 9.3663226e+01
2.1006456e-05 9.8301514e+01
2.2083480e-05 1.0316949e+02
2.3215724e-05 1.0827854e+02
2.4406020e-05 1.1364059e+02
2.5657343e-05 1.1926818e+02
2.6972823e-05 1.2517445e+02
2.8355750e-05 1.3137320e+02
2.9809580e-05 1.3787892e+02
3.1337950e-05 1.4470681e+02
3.2944681e-05 1.5187282e+02
3.4633791e-05 1.5939370e+02
3.6409503e-05 1.6728702e+02
3.8276258e-05 1.7557123e+02
4.0238724e-05 1.8426568e+02
4.2301807e-05 1.9339068e+02
4.4470667e-05 2.0296756e+02
4.6750727e-05 2.1301870e+02
4.9147688e-05 2.2356758e+02
5.1667544e-05 2.3463885e+02
5.4316596e-05 2.4625838e+02
5.7101467e-05 2.5845332e+02
6.0029122e-05 2.7125216e+02
6.3106881e-05 2.8468482e+02
6.6342440e-05 2.9878267e+02
6.9743890e-05 3.1357866e+02
7.3319735e-05 3.2910736e+02
7.7078919e-05 3.4540505e+02
8.1030839e-05 3.6250983e+02
8.5185379e-05 3.8046164e+02
8.9552927e-05 3.9930245e+02
9.4144404e-05 4.1907627e+02
9.8971291e-05 4.3982931e+02
1.0404566e-04 4.6161006e+02
1.0938019e-04 4.8446941e+02
1.1498823e-04 5.0846077e+02
1.2088381e-04 5.3364021e+02
1.2708165e-04 5.6003772e+02
1.3359727e-04 5.8773637e+02
1.4044695e-04 6.1680494e+02
1.4764782e-04 6.4731121e+02
1.5521788e-04 6.7932627e+02
1.6317607e-04 7.1292475e+02
1.7154229e-04 7.4818496e+02
1.8033745e-04 7.8518909e+02
1.8958355e-04 8.2402339e+02
1.9930370e-04 8.6477838e+02
2.0952222e-04 9.0746987e+02
2.2026466e-04 9.5225610e+02
2.3155787e-04 9.9925265e+02
2.4343009e-04 1.0485686e+03
2.5591102e-04 1.1003185e+03
2.6903186e-04 1.1546223e+03
2.8282542e-04 1.2116062e+03
2.9732619e-04 1.2714024e+03
3.1257043e-04 1.3341497e+03
3.2859626e-04 1.3999938e+03
3.4544375e-04 1.4687681e+03
3.6315503e-04 1.5408692e+03
3.8177438e-04 1.6165097e+03
4.0134837e-04 1.6958633e+03
4.2192595e-04 1.7791123e+03
4.4355855e-04 1.8664481e+03
4.6630028e-04 1.9580710e+03
4.9020801e-04 2.0541917e+03
5.1534151e-04 2.1550309e+03
5.4176364e-04 2.2608203e+03
5.6954045e-04 2.3706314e+03
5.9874142e-04 2.4855865e+03
6.2943955e-04 2.6061160e+03
6.6171160e-04 2.7324901e+03
6.9563828e-04 2.8649923e+03
7.3130442e-04 3.0039196e+03
7.6879920e-04 3.1495838e+03
8.0821638e-04 3.3023114e+03
8.4965452e-04 3.4624450e+03
8.9321723e-04 3.6303437e+03
9.3901346e-04 3.8025382e+03
9.8715771e-04 3.9822788e+03
1.0377704e-03 4.1705154e+03
1.0909780e-03 4.3676497e+03
1.1469136e-03 4.5741023e+03
1.2057171e-03 4.7903136e+03
1.2675356e-03 5.0167449e+03
1.3325235e-03 5.2538793e+03
1.4008435e-03 5.5022227e+03
1.4726663e-03 5.7623049e+03
1.5481715e-03 6.0229883e+03
1.6275479e-03 6.2935802e+03
1.7109941e-03 6.5763289e+03
1.7987186e-03 6.8717805e+03
1.8909409e-03 7.1805057e+03
1.9878915e-03 7.5031009e+03
2.0898129e-03 7.8401892e+03
2.1969599e-03 8.1924216e+03
2.3096004e-03 8.5604786e+03
2.4280162e-03 8.9450712e+03
2.5525032e-03 9.3149821e+03
2.6833729e-03 9.6950623e+03
2.8209523e-03 1.0090651e+04
2.9655857e-03 1.0502381e+04
3.1176345e-03 1.0930911e+04
3.2774790e-03 1.1376926e+04
3.4455190e-03 1.1841140e+04
3.6221745e-03 1.2324295e+04
3.8078874e-03 1.2827165e+04
4.0031219e-03 1.3350553e+04
4.2083664e-03 1.3858699e+04
4.4241339e-03 1.4372110e+04
4.6509641e-03 1.4894266e+04
4.8894241e-03 1.5424271e+04
5.1401103e-03 1.5961142e+04
5.4036494e-03 1.6503685e+04
5.6807004e-03 1.7050569e+04
5.9719561e-03 1.7601050e+04
6.2781449e-03 1.8152297e+04
6.6000322e-03 1.8702904e+04
6.9384231e-03 1.9251008e+04
7.2941637e-03 1.9794516e+04
7.6681435e-03 2.0331157e+04
8.0612976e-03 2.0858381e+04
8.4746092e-03 2.1373501e+04
8.9091117e-03 2.1873634e+04
9.3658916e-03 2.2355632e+04
9.8460911e-03 2.2816315e+04
1.0350911e-02 2.3252194e+04
1.0881614e-02 2.3659547e+04
1.1439526e-02 2.4034496e+04
1.2026043e-02 2.4372979e+04
1.2642631e-02 2.4670794e+04
1.3290833e-02 2.4923764e+04
1.3972268e-02 2.5127534e+04
1.4688642e-02 2.5277782e+04
1.5441745e-02 2.5370256e+04
1.6233460e-02 2.5400956e+04
1.7065767e-02 2.5365917e+04
1.7940748e-02 2.5261838e+04
1.8860590e-02 2.5085849e+04
1.9827593e-02 2.4835686e+04
2.0844175e-02 2.4510097e+04
2.1912879e-02 2.4108806e+04
2.3036376e-02 2.3632661e+04
2.4217476e-02 2.3084085e+04
2.5459133e-02 2.2466895e+04
2.6764451e-02 2.1786610e+04
2.8136693e-02 2.1050558e+04
2.9579292e-02 2.0267859e+04
3.1095855e-02 1.9449468e+04
3.2690174e-02 1.8607808e+04
3.4366235e-02 1.7920502e+04
3.6128229e-02 1.7108643e+04
3.7980563e-02 1.6284971e+04
3.9927868e-02 1.5490918e+04
4.1975014e-02 1.4744147e+04
4.4127119e-02 1.3950395e+04
4.6389565e-02 1.3306349e+04
4.8768009e-02 1.2742534e+04
5.1268398e-02 1.2238855e+04
5.3896985e-02 1.1847314e+04
5.6660342e-02 1.1445830e+04
5.9565380e-02 1.1060711e+04
6.2619362e-02 1.0659647e+04
6.5829926e-02 1.0257317e+04
6.9205098e-02 9.8346015e+03
7.2753320e-02 9.3585516e+03
7.6483462e-02 8.8243490e+03
8.0404853e-02 8.1985000e+03
8.4527298e-02 7.5302469e+03
8.8861105e-02 6.8622410e+03
9.3417111e-02 6.2385126e+03
9.8206709e-02 5.6929844e+03
1.0324187e-01 5.2442362e+03
1.0853520e-01 4.8954744e+03
1.1409992e-01 4.6390627e+03
1.1994995e-01 4.4355163e+03
1.2609991e-01 4.2326045e+03
1.3256519e-01 3.9825628e+03
1.3936195e-01 3.6699038e+03
1.4650719e-01 3.3108329e+03
1.5401878e-01 2.9488977e+03
1.6191549e-01 2.6476297e+03
1.7021708e-01 2.4317133e+03
1.7894429e-01 2.2828644e+03
1.8811896e-01 2.1573579e+03
1.9776403e-01 2.0038561e+03
2.0790361e-01 1.8101735e+03
2.1856305e-01 1.6121439e+03
2.2976902e-01 1.4487008e+03
2.4154953e-01 1.3368085e+03
2.5393404e-01 1.2408422e+03
2.6695351e-01 1.1305216e+03
2.8064051e-01 1.0156786e+03
2.9502926e-01 9.1428697e+02
3.1015573e-01 8.3421313e+02
3.2605776e-01 7.6377691e+02
3.4277510e-01 6.8632009e+02
3.6034955e-01 6.1827582e+02
3.7882507e-01 5.6046112e+02
3.9824784e-01 5.0685936e+02
4.1866645e-01 4.5614689e+02
4.4013194e-01 4.1107632e+02
4.6269798e-01 3.7096327e+02
4.8642102e-01 3.3325741e+02
5.1136035e-01 2.9982640e+02
5.3757836e-01 2.6942462e+02
5.6514059e-01 2.4187246e+02
5.9411597e-01 2.1708476e+02
6.2457695e-01 1.9461495e+02
6.5659969e-01 1.7441131e+02
6.9026428e-01 1.5600567e+02
7.2565488e-01 1.3951346e+02
7.6286001e-01 1.2476474e+02
8.0197267e-01 1.1157519e+02
8.4309069e-01 9.9779972e+01
8.8631688e-01 8.8996749e+01
9.3175931e-01 7.9358415e+01
9.7953164e-01 7.0763911e+01
1.0297533e+00 6.3100191e+01
1.0825499e+00 5.6266451e+01
1.1380534e+00 5.0172803e+01
1.1964026e+00 4.4739097e+01
1.2577435e+00 3.9893860e+01
1.3222294e+00 3.5573361e+01
1.3900216e+00 3.1720772e+01
1.4612895e+00 2.8285417e+01
1.5362114e+00 2.5222111e+01
1.6149746e+00 2.2490561e+01
1.6977762e+00 2.0054837e+01
1.7848230e+00 1.7882901e+01
1.8763328e+00 1.5946186e+01
1.9725345e+00 1.4219216e+01
2.0736685e+00 1.2679278e+01
2.1799877e+00 1.1306114e+01
2.2917581e+00 1.0081664e+01
2.4092591e+00 8.9898210e+00
2.5327844e+00 8.0162249e+00
2.6626430e+00 7.1480690e+00
2.7991597e+00 6.3739343e+00
2.9426757e+00 5.6836382e+00
3.0935499e+00 5.0681011e+00
3.2521596e+00 4.5192266e+00
3.4189013e+00 4.0297951e+00
3.5941922e+00 3.5933689e+00
3.7784703e+00 3.2042077e+00
3.9721967e+00 2.8571925e+00
4.1758555e+00 2.5477590e+00
4.3899562e+00 2.2718371e+00
4.6150341e+00 2.0257975e+00
4.8516520e+00 1.8064040e+00
5.1004015e+00 1.6107707e+00
5.3619046e+00 1.4363245e+00
5.6368154e+00 1.2807708e+00
5.9258211e+00 1.1420635e+00
6.2296444e+00 1.0183782e+00
6.5490451e+00 9.0808803e-01
6.8848218e+00 8.0974224e-01
7.2378142e+00 7.2204729e-01
7.6089049e+00 6.4384968e-01
7.9990218e+00 5.7412087e-01
8.4091404e+00 5.1194367e-01
8.8402862e+00 4.5650025e-01
9.2935374e+00 4.0706135e-01
9.7700273e+00 3.6297667e-01
1.0270947e+01 3.2366636e-01
1.0797550e+01 2.8861334e-01
1.1351152e+01 2.5735656e-01
1.1933138e+01 2.2948489e-01
1.2544963e+01 2.0463171e-01
1.3188157e+01 1.8247013e-01
1.3864329e+01 1.6270865e-01
1.4575168e+01 1.4508733e-01
1.5322453e+01 1.2937439e-01
1.6108052e+01 1.1536317e-01
1.6933929e+01 1.0286935e-01
1.7802150e+01 9.1728619e-02
1.8714886e+01 8.1794425e-02
1.9674419e+01 7.2936102e-02
2.0683148e+01 6.5037134e-02
2.1743596e+01 5.7993623e-02
2.2858414e+01 5.1712923e-02
2.4030389e+01 4.6112422e-02
2.5262454e+01 4.1118454e-02
2.6557688e+01 3.6665332e-02
2.7919329e+01 3.2694482e-02
2.9350784e+01 2.9153675e-02
3.0855631e+01 2.5996337e-02
3.2437633e+01 2.3180938e-02
3.4100746e+01 2.0670446e-02
3.5849128e+01 1.8431840e-02
3.7687153e+01 1.6435675e-02
3.9619414e+01 1.4655694e-02
4.1650745e+01 1.3068485e-02
4.3786224e+01 1.1653170e-02
4.6031192e+01 1.0391133e-02
4.8391262e+01 9.2657753e-03
5.0872335e+01 8.2622933e-03
5.3480615e+01 7.3674883e-03
5.6222625e+01 6.5695905e-03
5.9105221e+01 5.8581049e-03
6.2135610e+01 5.2236731e-03
6.5321371e+01 4.6579501e-03
6.8670469e+01 4.1534949e-03
7.2191279e+01 3.7036721e-03
7.5892606e+01 3.3025650e-03
7.9783703e+01 2.9448977e-03
8.3874301e+01 2.6259658e-03
8.8174628e+01 2.3415741e-03
9.2695438e+01 2.0879820e-03
9.7448034e+01 1.8618539e-03
1.0244430e+02 1.6602154e-03
1.0769673e+02 1.4804144e-03
1.1321846e+02 1.3200857e-03
1.1902330e+02 1.1771206e-03
1.2512575e+02 1.0496387e-03
1.3154109e+02 9.3596297e-04
1.3828534e+02 8.3459834e-04
1.4537538e+02 7.4421147e-04
1.5282894e+02 6.6361349e-04
1.6066465e+02 5.9174425e-04
1.6890210e+02 5.2765845e-04
1.7756190e+02 4.7051312e-04
1.8666569e+02 4.1955663e-04
1.9623624e+02 3.7411871e-04
2.0629749e+02 3.3360172e-04
2.1687459e+02 2.9747270e-04
2.2799399e+02 2.6525646e-04
2.3968349e+02 2.3652923e-04
2.5197232e+02 2.1091315e-04
2.6489122e+02 1.8807129e-04
2.7847248e+02 1.6770320e-04
2.9275007e+02 1.4954097e-04
3.0775969e+02 1.3334571e-04
3.2353887e+02 1.1890439e-04
3.4012706e+02 1.0602706e-04
3.5756575e+02 9.4544349e-05
3.7589854e+02 8.4305211e-05
3.9517127e+02 7.5174970e-05
4.1543213e+02 6.7033533e-05
4.3673179e+02 5.9773812e-05
4.5912351e+02 5.3300318e-05
4.8266327e+02 4.7527902e-05
5.0740995e+02 4.2380638e-05
5.3342541e+02 3.7790822e-05
5.6077472e+02 3.3698082e-05
5.8952625e+02 3.0048585e-05
6.1975191e+02 2.6794328e-05
6.5152727e+02 2.3892507e-05
6.8493179e+02 2.1304952e-05
7.2004899e+02 1.8997629e-05
7.5696669e+02 1.6940189e-05
7.9577721e+02 1.5105569e-05
8.3657758e+02 1.3469639e-05
8.7946983e+02 1.2010879e-05
9.2456121e+02 1.0710103e-05
9.7196448e+02 9.5502003e-06
1.0217982e+03 8.5159152e-06
1.0741869e+03 7.5936429e-06
1.1292616e+03 6.7712526e-06
1.1871601e+03 6.0379271e-06
1.2480271e+03 5.3840205e-06
1.3120148e+03 4.8009320e-06
1.3792832e+03 4.2809918e-06
1.4500006e+03 3.8173611e-06
1.5243437e+03 3.4039415e-06
1.6024985e+03 3.0352952e-06
1.6846604e+03 2.7065732e-06
1.7710347e+03 2.4134518e-06
1.8618376e+03 2.1520753e-06
1.9572961e+03 1.9190059e-06
2.0576488e+03 1.7111779e-06
2.1631467e+03 1.5258576e-06
2.2740536e+03 1.3606075e-06
2.3906468e+03 1.2132539e-06
2.5132179e+03 1.0818587e-06
2.6420734e+03 9.6469358e-07
2.7775354e+03 8.6021742e-07
2.9199427e+03 7.6705601e-07
3.0696513e+03 6.8398397e-07
3.2270357e+03 6.0990861e-07
3.3924894e+03 5.4385561e-07
3.5664260e+03 4.8495614e-07
3.7492806e+03 4.3243546e-07
3.9415103e+03 3.8560277e-07
4.1435959e+03 3.4384206e-07
4.3560426e+03 3.0660402e-07
4.5793816e+03 2.7339885e-07
4.8141716e+03 2.4378980e-07
5.0609994e+03 2.1738740e-07
5.3204824e+03 1.9384438e-07
5.5932694e+03 1.7285107e-07
5.8800424e+03 1.5413132e-07
6.1815186e+03 1.3743893e-07
6.4984519e+03 1.2255431e-07
6.8316346e+03 1.0928170e-07
7.1819000e+03 9.7446511e-08
7.5501239e+03 8.6893069e-08
7.9372271e+03 7.7482564e-08
8.3441774e+03 6.9091215e-08
8.7719925e+03 6.1608647e-08
9.2217422e+03 5.4936441e-08
9.6945510e+03 4.8986833e-08
1.0191601e+04 4.3681567e-08
1.0714136e+04 3.8950860e-08
1.1263461e+04 3.4732488e-08
1.1840951e+04 3.0970966e-08
1.2448050e+04 2.7616815e-08
1.3086275e+04 2.4625918e-08
1.3757223e+04 2.1958935e-08
1.4462571e+04 1.9580786e-08
1.5204082e+04 1.7460190e-08
1.5983612e+04 1.5569254e-08
1.6803110e+04 1.3883107e-08
1.7664624e+04 1.2379569e-08
1.8570308e+04 1.1038863e-08
1.9522428e+04 9.8433561e-09
